version https://git-lfs.github.com/spec/v1
oid sha256:8c0feb4cf6e002ccb1e21f060b8e2fe613dfc31bf6123c90328bb73b3ce02234
size 623
